NL:        6055
NC:        1
H:         28278.2500000
LCPnum:    2070721.0000000
IICnum:    360650.3000000
EC(IIC):    600.5417000
F:         13778.4800000
AWF:       122529.5000000
PCnum:     159014.4000000
EC(PC):      398.7661000
